83.52405214309692
81.82696557044983
88.29156923294067
109.45220017433167
88.83506870269775
107.8828547000885
87.63734006881714
112.25292491912842
116.56792831420898
116.48028182983398
117.26434373855591
88.4223415851593
117.02472281455994
115.31581664085388
112.16443943977356
88.4848222732544
115.72100138664246
88.77360820770264
114.1617202758789
87.85232281684875
116.66436839103699
116.6655490398407
79.56129193305969
118.72216463088989
117.0218780040741
86.84484100341797
86.23325324058533
88.21462750434875
87.00276565551758
119.18093609809875
87.52919149398804
79.53939032554626
111.44668745994568
86.46539378166199
113.0383141040802
86.9048216342926
115.49329876899719
83.14942574501038
80.76435589790344
115.2286467552185
68.08885407447815
118.04073882102966
117.4349091053009
70.49056100845337
114.86231541633606
79.87723016738892
116.7484278678894
74.00507140159607
86.03003692626953
88.08833384513855
81.8963851928711
81.39995980262756
87.45114850997925
113.97447681427002
86.50709772109985
118.13581013679504
111.98556923866272
77.80146932601929
80.7128279209137
85.48227429389954
114.91955828666687
80.09211611747742
110.90223741531372
116.04625153541565
88.18275094032288
75.45449924468994
87.25616931915283
82.65823149681091
114.23118138313293
83.30024528503418
87.16810345649719
86.87532949447632
86.3018856048584
86.39505004882812
116.01811718940735
117.13334012031555
111.72395873069763
83.1308012008667
86.81791090965271
87.72716498374939
87.73297643661499
115.57543206214905
90.12894368171692
117.44192433357239
117.57284998893738
82.73141527175903
81.86117768287659
85.83377122879028
87.72958970069885
76.59891891479492
87.3091287612915
87.551828622818
110.01456546783447
74.69302415847778
88.37873005867004
117.6169958114624
86.89715242385864
81.70261240005493
112.94055581092834
89.00089359283447
87.34811663627625
115.36881875991821
82.84844160079956
83.13348937034607
116.89827275276184
118.09060192108154
88.19868326187134
116.29679560661316
115.2115089893341
115.5414252281189
87.01316618919373
86.63037824630737
116.27057003974915
111.96221876144409
86.77103519439697
113.71027994155884
82.5939633846283
85.94510340690613
87.8201413154602
116.2665958404541
119.81404542922974
116.10556554794312
87.44687008857727
86.92196369171143
82.16340279579163
116.9476170539856
83.08317685127258
113.28584003448486
80.19254803657532
117.56073474884033
80.25681805610657
86.94356274604797
90.54000496864319
71.11952996253967
118.1646933555603
109.61619973182678
85.52878761291504
110.13251280784607
118.18082761764526
81.81369400024414
87.65886521339417
118.30436301231384
74.67822551727295
88.21478724479675
68.83369708061218
88.13481116294861
108.4552435874939
113.99257063865662
81.38175368309021
114.34497547149658
114.5464358329773
110.25125193595886
70.32424855232239
88.80362510681152
87.97354245185852
118.68208527565002
82.55284380912781
109.26807999610901
88.78178548812866
88.91083574295044
110.69654035568237
88.01177549362183
118.51765513420105
115.99594593048096
86.15969729423523
113.01246285438538
114.03545355796814
89.09863376617432
112.86431503295898
86.38902974128723
111.37855505943298
114.29749894142151
86.41204953193665
113.42081952095032
87.23426699638367
87.9432909488678
89.97827219963074
87.30136680603027
86.78484535217285
113.41710186004639
116.73315095901489
87.63968777656555
82.45873594284058
87.92111873626709
87.30846452713013
87.86995792388916
112.18791508674622
73.62991094589233
118.48538899421692
114.88964080810547
86.43787479400635
75.67793083190918
69.6941750049591
117.7999050617218
87.85193824768066
82.32656407356262
87.38365268707275
76.2880003452301
88.024817943573
118.21277141571045
87.51400375366211
74.00126385688782
111.83157634735107
111.79857230186462
82.93724536895752
83.18556118011475
112.70937609672546
113.22369432449341
114.57255244255066
113.24887824058533
111.25579237937927
115.51611065864563
84.54347825050354
83.52251291275024
80.8908007144928
84.08371782302856
112.7388186454773
71.7800395488739
114.15112400054932
112.29254102706909
84.09060168266296
112.63723969459534
112.26596999168396
83.45454216003418
83.22789478302002
82.87535452842712
71.3428463935852
113.3032796382904
84.27229142189026
111.20057392120361
83.54278039932251
111.27457594871521
84.79064869880676
110.93007564544678
82.78839468955994
82.52611947059631
112.47924208641052
82.88083100318909
112.67278528213501
113.58056902885437
86.65942406654358
111.32094049453735
83.4103672504425
83.20884847640991
82.03029656410217
82.08932709693909
114.02069664001465
110.40167212486267
109.85222554206848
116.13259410858154
110.15718483924866
110.33470797538757
84.21266984939575
83.79173111915588
82.76373481750488
70.74179434776306
82.94774293899536
83.54010915756226
