29.10251235961914
28.29696750640869
28.164851665496826
28.58153223991394
28.636461973190308
28.359532833099365
28.3065824508667
28.14811134338379
28.53682589530945
29.34596538543701
26.319694995880127
28.04183578491211
28.15041422843933
28.578359842300415
28.256256103515625
28.189479112625122
28.667927980422974
28.366091012954712
29.009044408798218
28.94128656387329
28.211026191711426
28.119309663772583
28.77787756919861
28.274296760559082
28.709586143493652
29.410079956054688
28.066709280014038
28.079323530197144
28.329168558120728
28.26289439201355
28.103942394256592
28.22421097755432
26.785300970077515
27.883328199386597
29.74414324760437
26.50157594680786
28.53136420249939
29.451231956481934
28.113975286483765
28.208104848861694
26.270540237426758
28.131867170333862
28.51010489463806
28.189066886901855
27.716917037963867
28.437106609344482
28.30277442932129
28.480664491653442
28.153159856796265
28.12554931640625
28.45278239250183
28.57693123817444
28.790849924087524
28.49870753288269
28.375152349472046
28.047088623046875
28.16804528236389
28.677603483200073
28.076221466064453
27.886470794677734
29.54397439956665
28.30433487892151
29.348317861557007
26.603530883789062
28.135607957839966
27.67810869216919
28.621015787124634
28.111788749694824
28.1716365814209
28.332010507583618
28.287559509277344
28.649507999420166
28.49441361427307
27.545201301574707
28.247411489486694
28.262405157089233
28.316834926605225
27.965707540512085
28.63615107536316
27.73615312576294
28.420798778533936
29.50920009613037
27.949245929718018
27.96101975440979
28.457319259643555
28.21793007850647
28.017741203308105
28.734517097473145
29.495158433914185
28.131124019622803
27.84936022758484
29.320595502853394
27.83701753616333
28.296687364578247
28.220189809799194
26.31648850440979
28.07474946975708
26.532373428344727
28.057267665863037
28.388657569885254
29.158861875534058
28.590890645980835
27.971304893493652
28.06063461303711
28.837717533111572
28.375505924224854
28.045215129852295
29.514700889587402
26.215185403823853
28.510175943374634
27.976913452148438
29.91662573814392
27.611681699752808
28.108665466308594
28.180118799209595
28.64855432510376
29.410354614257812
28.027461051940918
28.45495319366455
27.853312730789185
26.207006692886353
28.52794098854065
29.5889413356781
28.45305037498474
28.172412157058716
27.67015767097473
27.8336021900177
28.331116437911987
28.07367491722107
28.292236804962158
29.58535647392273
28.291594743728638
29.469525814056396
28.05435824394226
28.089935541152954
27.937127113342285
28.315860986709595
29.36501407623291
28.559329748153687
27.864675760269165
28.55170226097107
27.862789154052734
28.190500020980835
29.489875316619873
26.358913898468018
27.805535316467285
29.415201425552368
28.12273669242859
27.854914903640747
28.221929788589478
27.846677780151367
29.406750679016113
27.975528478622437
28.959092140197754
28.332554578781128
28.128265142440796
28.09046983718872
28.275195360183716
26.266491889953613
28.507159948349
28.045860052108765
28.223018169403076
26.493844270706177
27.958126544952393
27.853759765625
28.23828411102295
28.138643503189087
28.528857469558716
28.520138263702393
29.54324460029602
27.867860555648804
28.40895104408264
26.096157550811768
27.9379563331604
28.324700832366943
28.299421310424805
28.218533515930176
28.105600595474243
28.135685682296753
27.90048336982727
27.988050937652588
28.206027507781982
28.052220106124878
27.869214296340942
28.127006769180298
28.307761430740356
28.18657112121582
27.798187732696533
26.55289340019226
28.478976726531982
29.154711484909058
28.292269468307495
27.9038507938385
28.425575971603394
29.479697465896606
25.927740335464478
28.123361825942993
28.461457014083862
28.349097728729248
28.068387031555176
27.68948197364807
28.040043354034424
28.431504249572754
28.29237675666809
27.87351942062378
29.138960361480713
29.271986722946167
28.04580330848694
27.99956226348877
28.129556894302368
28.406981229782104
28.146847009658813
29.003005266189575
28.00639033317566
28.17203974723816
29.359943389892578
28.175675630569458
28.380903720855713
29.527511835098267
28.706458568572998
27.817225694656372
27.90744924545288
27.32479977607727
27.98512363433838
28.174195766448975
28.83476972579956
26.28571891784668
28.23429536819458
28.31768560409546
28.11155414581299
28.178993701934814
29.60016131401062
26.308846712112427
28.021331787109375
27.931421279907227
27.738007307052612
28.80456018447876
27.962116718292236
29.240499258041382
26.20486068725586
28.464143753051758
27.95308828353882
28.362826108932495
29.630398511886597
28.090778589248657
28.300660610198975
28.15398383140564
29.501534938812256
28.523566961288452
28.153815269470215
28.07764482498169
28.427405834197998
28.162923574447632
28.08643937110901
28.06232500076294
28.710827112197876
28.298794984817505
28.093000650405884
29.5243022441864
26.32163429260254
29.064557790756226
28.627065181732178
28.680004835128784
28.045616626739502
28.28850483894348
27.92069697380066
28.377169132232666
28.052725076675415
28.062185287475586
29.378894805908203
28.508105516433716
28.150311946868896
28.474714040756226
28.130725145339966
28.353575229644775
29.236704349517822
28.264147520065308
28.33376407623291
28.8404700756073
28.004351377487183
28.406396865844727
27.997510194778442
28.265291213989258
25.944520473480225
28.230541467666626
26.2413489818573
29.442677974700928
29.026002883911133
28.012152194976807
28.243202447891235
28.41156506538391
28.181853532791138
28.338927507400513
27.983537435531616
27.7554132938385
28.431092262268066
28.08114504814148
28.687002182006836
28.245617389678955
26.504151105880737
28.153411865234375
28.038764715194702
28.049099445343018
28.327696084976196
28.475000381469727
28.299070835113525
29.783802270889282
28.123180866241455
28.116791486740112
27.95502281188965
25.92955708503723
27.61215877532959
26.741246700286865
28.243746757507324
28.265400648117065
28.260513305664062
29.42537832260132
26.68021273612976
28.28709626197815
29.27200484275818
28.405256032943726
28.15383291244507
28.185605764389038
27.873112678527832
26.859455823898315
27.77534031867981
28.22848892211914
28.084930419921875
28.395949363708496
28.019863843917847
26.49744963645935
28.28768277168274
27.86408543586731
28.15570902824402
27.85504937171936
28.07230567932129
28.175453662872314
28.10972809791565
27.569228887557983
29.381423711776733
27.96368384361267
26.27997589111328
27.962942600250244
28.628140449523926
26.126468420028687
28.59283757209778
28.439659118652344
28.333762645721436
28.222264528274536
26.93237829208374
29.01137065887451
28.33222270011902
29.34070134162903
28.352394342422485
27.882245302200317
28.036025285720825
28.25353479385376
27.898412227630615
28.396270275115967
28.37250304222107
29.3707275390625
28.223543882369995
28.132437467575073
28.23957109451294
28.067503690719604
25.98018217086792
29.51494860649109
27.795117139816284
28.14399790763855
29.395769119262695
28.605013370513916
28.188748598098755
28.28984570503235
29.561819791793823
29.27008605003357
28.118661165237427
27.89994716644287
28.194050312042236
28.17395853996277
25.967307567596436
28.201740503311157
28.023630619049072
26.37814211845398
26.363183975219727
28.042553663253784
27.822197914123535
28.590351104736328
27.83103656768799
26.766188621520996
28.72850012779236
28.959216117858887
28.56875777244568
28.072975397109985
28.03026843070984
27.991076707839966
28.609716176986694
26.168752908706665
28.295003175735474
28.246894359588623
28.42976140975952
29.553446769714355
27.961126804351807
27.701249599456787
28.4447283744812
27.835024118423462
27.903764724731445
26.50042414665222
28.801233530044556
28.336557388305664
28.283074855804443
28.406323194503784
28.44224762916565
26.43944787979126
28.53911256790161
28.210532188415527
28.137710094451904
28.497118711471558
27.909517765045166
28.284974813461304
26.62277865409851
28.135299682617188
28.360427618026733
28.31343984603882
29.246298789978027
29.84398102760315
28.411901712417603
28.000402450561523
27.765384197235107
27.948182106018066
28.310062408447266
26.97847318649292
28.362903356552124
27.992904663085938
29.259361267089844
29.2192599773407
27.985950708389282
27.895313262939453
28.144044399261475
28.359838724136353
28.083868980407715
28.22495150566101
28.438138008117676
26.701252460479736
25.761738538742065
28.235292196273804
28.166393518447876
27.81900644302368
26.470783710479736
28.053651809692383
27.981918811798096
26.286181211471558
28.550451517105103
28.00251793861389
27.91865062713623
28.24199938774109
28.132888793945312
28.55722665786743
29.48129892349243
29.347269296646118
28.150601863861084
28.29333209991455
28.380202293395996
27.635998964309692
28.114665508270264
28.20822310447693
28.10538625717163
28.451950788497925
28.519482374191284
28.576969146728516
27.869271278381348
28.120856046676636
29.679097890853882
28.38804054260254
27.910800218582153
28.558626651763916
28.09710717201233
27.926932096481323
26.146976947784424
26.337855100631714
28.21979069709778
26.618237257003784
28.544147491455078
28.59882164001465
28.796053886413574
29.201757431030273
26.089012384414673
28.648831129074097
28.04367446899414
27.879884719848633
27.937036514282227
27.99834370613098
27.893078804016113
28.356948852539062
28.475314140319824
27.875925302505493
29.593160390853882
28.58563804626465
27.73300552368164
27.861030101776123
28.03316307067871
28.379473209381104
28.436018705368042
28.713987827301025
28.052165508270264
27.754387140274048
28.351313829421997
29.22110414505005
27.735188722610474
27.798105716705322
29.678361892700195
28.04446506500244
28.140816688537598
28.52250385284424
28.256011486053467
28.36662197113037
28.02042508125305
29.719061613082886
26.781407833099365
27.928184270858765
28.090991735458374
28.409553050994873
27.997967004776
26.658594131469727
29.411049842834473
28.47558355331421
28.017834663391113
28.436218738555908
28.282655954360962
28.6284601688385
28.035104513168335
26.15806221961975
28.35839581489563
28.834465742111206
27.849815130233765
26.310659170150757
28.21670126914978
27.96185851097107
28.33066177368164
28.355820894241333
29.361156702041626
28.273647785186768
27.731887102127075
27.93506383895874
28.604846477508545
29.149349212646484
27.893712043762207
27.79619550704956
28.176591396331787
28.0545814037323
27.848901748657227
27.93466806411743
28.28086280822754
27.596786499023438
27.78811812400818
28.373937129974365
28.06704068183899
27.729899406433105
28.19153618812561
27.996140718460083
28.213438272476196
29.18840718269348
28.364527940750122
28.024084329605103
28.50250554084778
28.040199041366577
29.107012271881104
27.886446237564087
28.46572518348694
29.337970733642578
26.451958894729614
28.30533194541931
28.20308232307434
28.98037338256836
28.29329514503479
28.691502332687378
26.576547145843506
28.646404027938843
28.42625403404236
27.918511867523193
27.814001321792603
27.78130531311035
26.24320650100708
28.45438861846924
28.270147800445557
28.17209506034851
28.011977672576904
26.494535207748413
28.61821413040161
28.410770177841187
28.265525579452515
28.195679664611816
28.69945216178894
29.42148208618164
28.116127490997314
26.559516668319702
28.261006593704224
28.557003259658813
27.826907873153687
28.079323768615723
28.3420512676239
27.707935094833374
27.753488540649414
28.400584936141968
28.008511781692505
27.905194759368896
27.89674401283264
28.32031512260437
29.55332350730896
28.17820930480957
26.4123592376709
28.177762508392334
29.214584350585938
28.34689688682556
28.2642605304718
28.659141063690186
28.532062768936157
28.275023460388184
27.85959482192993
28.58314085006714
28.422176599502563
28.520594120025635
26.479875802993774
28.165749311447144
27.672943353652954
29.376619577407837
27.94265079498291
28.306992769241333
28.62681484222412
27.660496950149536
28.127990007400513
28.34319496154785
26.700249910354614
28.39346218109131
28.228927850723267
26.33049511909485
28.127984046936035
29.581759929656982
28.298670291900635
26.591958045959473
28.171555042266846
26.199045419692993
27.766473293304443
28.467340230941772
29.413732528686523
28.09715723991394
28.03230857849121
27.983940839767456
29.1097514629364
28.275067806243896
28.371335744857788
28.271026372909546
28.080394983291626
28.186697721481323
28.32689118385315
27.828497886657715
28.158955812454224
28.375913381576538
28.5799617767334
28.01829957962036
28.673186779022217
29.97492742538452
27.926371097564697
28.55771279335022
28.320923566818237
29.588443756103516
27.96178412437439
27.901875972747803
28.0195894241333
28.467398643493652
28.15820622444153
27.861376762390137
28.51242709159851
28.61103630065918
28.054370164871216
28.443786144256592
29.664823532104492
28.533798217773438
28.55323028564453
28.32487463951111
26.279854774475098
28.23749876022339
28.376911401748657
26.676819801330566
29.1025447845459
28.514228343963623
27.98117160797119
28.557008504867554
28.11569833755493
28.5138258934021
28.702587127685547
29.59022092819214
28.057973861694336
28.62140393257141
28.192036628723145
28.941025972366333
28.159769773483276
28.18778133392334
28.76413631439209
28.071095943450928
28.17713689804077
28.708452701568604
26.21108651161194
29.666889905929565
28.07851004600525
28.317721366882324
28.29651689529419
27.925320386886597
27.911750555038452
28.006266117095947
28.046167135238647
27.85162353515625
28.088987112045288
28.143304586410522
28.355968475341797
28.063080549240112
28.0210177898407
28.082974195480347
27.95519781112671
28.05020761489868
27.889857053756714
28.175297021865845
27.6047842502594
26.15729546546936
26.556707620620728
26.3737633228302
28.248634576797485
28.098061084747314
28.190319299697876
29.295953035354614
26.445179224014282
28.129365921020508
28.48427176475525
26.115479469299316
27.866039991378784
27.925522565841675
28.354231119155884
29.327743768692017
29.50101089477539
29.265941381454468
28.176506280899048
29.602327585220337
28.371386528015137
27.799522638320923
28.51737332344055
27.914066314697266
27.79412603378296
28.644120693206787
28.62346386909485
29.1760573387146
28.550410747528076
27.963617086410522
26.35737442970276
28.06858801841736
28.287994861602783
28.306828260421753
28.301941633224487
28.27367615699768
27.696737051010132
28.988638401031494
27.948243618011475
28.47058868408203
28.146424293518066
28.114367723464966
28.222906589508057
28.183886766433716
27.95183801651001
28.423757553100586
28.429032564163208
